115	34	0.196289	0.0864282
120	45	0.145301	0.0675408
130	19	0.0444624	0.254138
140	20	0.058649	0.174889
150	18	0.00950379	0.133869
160	5	1.38812         1.53168
170	7	39.9412         60.1654
180	10	28.7453         36.0395
190	21	0.0350288	0.0562753
200	26	0.0             0.017876
250	38	0.0             0.0186557
300	24	0.0             0.0220744
350	17	0.0             0.0215148
400	10	0               0
450	4	0               0
500	3	0               0
550	3	0               0
600	3	0               0
