115	24	0.123927	0.0578375
120	41	0.0732844	0.02864
130	21	0.11601         0.0560449
140	27	0.121465	0.0529124
150	38	0.0519744	0.0249222
160	16	0.0886098	0.0402373
170	14	0.0588413	0.0332388
180	13	0.0258152	0.0264446
190	34	0.0445371	0.024322
200	48	0.0387238	0.0194421
250	58	0.0550832	0.0247875
300	42	0.0390226	0.0394049
350	29	0.0433487	0.0539608
400     17      0.0929301       0.0451174
450     5       0.0996407       0.117056
500     5       0.228788        0.21933
550     2       0.0448112       0.272817
