120	0	DY	1.033	0.000	0.025	0.238
120	0	Top	0.732	0.895	0.941	0.169
120	0	WJet	5.180	1.486	10.024	6.524
120	0	VV	1.117	0.536	0.495	0.578
120	0	WW	16.538	16.607	19.296	8.963
120	0	ggWW	0.578	0.601	0.672	0.386
120	0	ggH	3.119	3.214	3.946	1.612
120	0	vbfH	0.026	0.035	0.043	0.014
120	0	data	28	36	33	13
130	0	DY	1.057	0.000	0.000	0.238
130	0	Top	0.576	0.748	0.898	0.101
130	0	WJet	5.180	0.000	10.024	6.524
130	0	VV	1.301	0.536	0.586	0.615
130	0	WW	20.564	17.988	21.195	11.151
130	0	ggWW	0.803	0.710	0.822	0.509
130	0	ggH	6.703	5.845	7.337	3.572
130	0	vbfH	0.063	0.065	0.077	0.034
130	0	data	30	34	30	19
140	0	DY	0.436	0.000	0.000	0.238
140	0	Top	0.575	0.796	0.778	0.286
140	0	WJet	0.000	0.000	7.251	6.524
140	0	VV	1.044	0.454	0.483	0.502
140	0	WW	19.712	15.792	18.437	10.885
140	0	ggWW	0.758	0.736	0.753	0.501
140	0	ggH	8.906	8.086	9.169	5.539
140	0	vbfH	0.102	0.100	0.105	0.056
140	0	data	27	23	22	14
150	0	DY	0.291	0.000	0.000	0.230
150	0	Top	0.101	0.644	1.304	0.140
150	0	WJet	0.000	0.000	0.000	6.524
150	0	VV	0.628	0.261	0.322	0.328
150	0	WW	13.248	11.454	11.687	7.771
150	0	ggWW	0.820	0.774	0.668	0.543
150	0	ggH	9.360	8.356	8.317	6.012
150	0	vbfH	0.130	0.102	0.126	0.073
150	0	data	18	15	12	11
160	0	DY	0.212	0.000	0.000	0.230
160	0	Top	0.493	0.545	1.047	0.054
160	0	WJet	0.000	0.000	0.000	6.524
160	0	VV	0.460	0.184	0.173	0.217
160	0	WW	8.988	7.683	7.729	5.364
160	0	ggWW	0.774	0.676	0.618	0.455
160	0	ggH	13.810	12.392	12.385	8.855
160	0	vbfH	0.146	0.161	0.168	0.126
160	0	data	11	12	6	9
170	0	DY	0.040	0.000	0.000	0.000
170	0	Top	0.539	0.032	1.083	0.054
170	0	WJet	0.000	0.000	0.000	0.000
170	0	VV	0.411	0.078	0.086	0.188
170	0	WW	6.938	5.730	5.890	4.502
170	0	ggWW	0.764	0.693	0.611	0.393
170	0	ggH	11.382	9.298	9.540	7.639
170	0	vbfH	0.169	0.138	0.148	0.087
170	0	data	9	11	2	7
180	0	DY	0.040	0.000	0.000	0.000
180	0	Top	1.377	0.091	1.764	0.162
180	0	WJet	0.000	0.000	0.000	0.000
180	0	VV	0.436	0.077	0.103	0.156
180	0	WW	8.090	6.399	7.056	4.704
180	0	ggWW	0.956	0.859	0.733	0.523
180	0	ggH	7.855	6.867	7.184	5.634
180	0	vbfH	0.120	0.113	0.103	0.087
180	0	data	5	13	2	4
190	0	DY	0.040	0.000	0.000	0.000
190	0	Top	2.150	0.332	2.169	0.329
190	0	WJet	0.000	0.000	0.000	0.000
190	0	VV	0.806	0.176	0.257	0.407
190	0	WW	11.799	10.218	11.196	7.063
190	0	ggWW	1.271	1.115	1.054	0.774
190	0	ggH	6.360	5.775	6.476	4.380
190	0	vbfH	0.094	0.091	0.105	0.066
190	0	data	12	19	7	11
200	0	DY	0.040	0.000	0.000	0.000
200	0	Top	2.113	0.365	2.404	0.296
200	0	WJet	0.000	0.000	0.000	0.000
200	0	VV	0.925	0.192	0.239	0.440
200	0	WW	11.496	11.168	12.394	6.798
200	0	ggWW	1.244	1.146	1.119	0.776
200	0	ggH	4.341	4.520	5.146	3.157
200	0	vbfH	0.072	0.081	0.090	0.054
200	0	data	11	19	12	11
250	0	DY	0.006	0.000	0.000	0.105
250	0	Top	2.306	2.014	4.405	1.553
250	0	WJet	0.000	0.000	0.000	0.000
250	0	VV	1.080	0.212	0.441	0.679
250	0	WW	8.053	11.390	11.385	5.214
250	0	ggWW	0.747	0.849	0.955	0.484
250	0	ggH	1.633	2.458	2.658	1.115
250	0	vbfH	0.032	0.060	0.057	0.021
250	0	data	7	16	15	5
300	0	DY	0.006	0.000	0.000	0.105
300	0	Top	2.088	1.148	2.728	1.979
300	0	WJet	0.000	0.000	0.000	0.000
300	0	VV	1.033	0.194	0.395	0.727
300	0	WW	7.721	9.716	9.328	5.194
300	0	ggWW	0.522	0.653	0.714	0.417
300	0	ggH	1.695	1.907	2.071	1.198
300	0	vbfH	0.029	0.035	0.040	0.023
300	0	data	7	10	16	10
350	0	DY	0.006	0.000	0.000	0.000
350	0	Top	1.489	0.830	2.997	2.028
350	0	WJet	0.000	0.000	0.000	0.000
350	0	VV	0.985	0.206	0.408	0.600
350	0	WW	7.261	8.122	8.074	5.001
350	0	ggWW	0.416	0.571	0.581	0.352
350	0	ggH	1.774	1.984	2.098	1.347
350	0	vbfH	0.025	0.034	0.031	0.019
350	0	data	7	9	16	7
400	0	DY	0.000	0.000	0.000	0.000
400	0	Top	1.410	0.690	3.599	1.310
400	0	WJet	0.000	0.000	0.000	0.000
400	0	VV	0.746	0.164	0.319	0.474
400	0	WW	5.942	6.696	6.595	4.160
400	0	ggWW	0.348	0.459	0.456	0.284
400	0	ggH	1.527	1.620	1.721	1.110
400	0	vbfH	0.018	0.022	0.021	0.013
400	0	data	6	6	15	6
450	0	DY	0.000	0.000	0.000	0.000
450	0	Top	1.690	0.565	2.052	1.086
450	0	WJet	0.000	0.000	0.000	0.000
450	0	VV	0.350	0.133	0.156	0.221
450	0	WW	3.249	4.169	3.877	2.326
450	0	ggWW	0.215	0.302	0.303	0.163
450	0	ggH	0.832	0.946	1.010	0.644
450	0	vbfH	0.012	0.015	0.016	0.010
450	0	data	3	1	6	4
500	0	DY	0.000	0.000	0.000	0.000
500	0	Top	0.954	0.957	1.673	0.337
500	0	WJet	0.000	0.000	0.000	0.000
500	0	VV	0.358	0.122	0.094	0.144
500	0	WW	2.566	3.169	3.273	1.843
500	0	ggWW	0.183	0.266	0.248	0.142
500	0	ggH	0.487	0.590	0.661	0.413
500	0	vbfH	0.009	0.011	0.012	0.008
500	0	data	2	0	5	2
550	0	DY	0.000	0.000	0.000	0.000
550	0	Top	0.585	0.907	1.172	0.298
550	0	WJet	0.000	0.000	0.000	0.000
550	0	VV	0.285	0.094	0.054	0.110
550	0	WW	2.092	2.492	2.529	1.513
550	0	ggWW	0.143	0.233	0.193	0.106
550	0	ggH	0.324	0.374	0.394	0.259
550	0	vbfH	0.007	0.009	0.010	0.005
550	0	data	2	0	3	2
600	0	DY	0.000	0.000	0.000	0.000
600	0	Top	0.403	0.852	0.811	0.245
600	0	WJet	0.000	0.000	0.000	0.000
600	0	VV	0.217	0.088	0.057	0.122
600	0	WW	1.494	2.021	2.072	1.267
600	0	ggWW	0.107	0.186	0.147	0.077
600	0	ggH	0.196	0.234	0.242	0.155
600	0	vbfH	0.005	0.007	0.007	0.005
600	0	data	2	0	2	1
120	1	DY	0.643	0.023	0.000	0.176
120	1	Top	2.064	2.272	2.038	0.815
120	1	WJet	0.000	0.873	0.000	0.000
120	1	VV	0.300	0.453	0.478	0.291
120	1	WW	3.614	3.717	4.866	1.629
120	1	ggWW	0.129	0.201	0.261	0.079
120	1	ggH	1.097	1.284	1.536	0.567
120	1	vbfH	0.106	0.126	0.165	0.057
120	1	data	13	16	21	6
130	1	DY	0.579	0.000	0.000	0.247
130	1	Top	1.536	2.734	2.769	1.075
130	1	WJet	0.000	0.000	0.000	0.000
130	1	VV	0.320	0.499	0.498	0.312
130	1	WW	4.203	4.204	5.118	1.875
130	1	ggWW	0.168	0.259	0.302	0.105
130	1	ggH	1.993	2.719	3.047	1.339
130	1	vbfH	0.217	0.259	0.312	0.129
130	1	data	14	15	19	8
140	1	DY	0.553	0.000	0.000	0.545
140	1	Top	1.919	1.951	2.457	1.051
140	1	WJet	0.000	0.000	0.000	0.000
140	1	VV	0.276	0.350	0.411	0.302
140	1	WW	3.750	3.867	4.428	1.843
140	1	ggWW	0.167	0.255	0.254	0.110
140	1	ggH	3.245	3.674	3.943	2.001
140	1	vbfH	0.345	0.385	0.406	0.219
140	1	data	14	12	12	8
150	1	DY	0.115	0.000	0.000	0.500
150	1	Top	1.592	1.993	1.029	0.499
150	1	WJet	0.000	0.000	0.000	0.000
150	1	VV	0.157	0.273	0.239	0.215
150	1	WW	3.343	3.678	3.660	1.735
150	1	ggWW	0.229	0.265	0.288	0.154
150	1	ggH	3.836	4.356	4.492	2.411
150	1	vbfH	0.398	0.471	0.460	0.259
150	1	data	12	11	5	8
160	1	DY	0.327	0.000	0.000	0.500
160	1	Top	1.576	2.297	0.977	0.493
160	1	WJet	0.000	0.000	0.000	0.000
160	1	VV	0.154	0.169	0.205	0.132
160	1	WW	2.986	2.940	2.975	1.559
160	1	ggWW	0.225	0.264	0.280	0.170
160	1	ggH	5.763	6.418	6.555	4.036
160	1	vbfH	0.735	0.716	0.719	0.408
160	1	data	11	10	4	7
170	1	DY	0.327	0.000	0.000	0.391
170	1	Top	2.503	1.674	0.829	0.505
170	1	WJet	0.000	0.000	0.000	0.000
170	1	VV	0.111	0.057	0.142	0.084
170	1	WW	2.570	2.165	2.506	1.423
170	1	ggWW	0.221	0.221	0.253	0.185
170	1	ggH	4.942	4.501	4.880	3.098
170	1	vbfH	0.580	0.546	0.540	0.388
170	1	data	9	6	3	7
180	1	DY	0.327	0.000	0.000	0.335
180	1	Top	3.071	1.558	1.537	0.921
180	1	WJet	0.000	0.000	0.000	0.000
180	1	VV	0.130	0.090	0.166	0.100
180	1	WW	2.781	2.640	2.894	1.832
180	1	ggWW	0.235	0.256	0.305	0.200
180	1	ggH	4.206	3.579	3.676	2.409
180	1	vbfH	0.420	0.458	0.436	0.303
180	1	data	8	6	3	6
190	1	DY	0.349	0.183	0.000	0.335
190	1	Top	3.696	4.409	4.077	1.747
190	1	WJet	0.000	0.000	0.000	0.000
190	1	VV	0.245	0.119	0.210	0.237
190	1	WW	4.061	3.975	3.954	2.698
190	1	ggWW	0.319	0.378	0.442	0.254
190	1	ggH	3.246	2.962	3.140	2.036
190	1	vbfH	0.407	0.427	0.434	0.273
190	1	data	11	8	8	9
200	1	DY	0.349	0.183	0.000	0.335
200	1	Top	3.638	4.782	5.059	2.355
200	1	WJet	0.000	0.000	0.000	0.000
200	1	VV	0.277	0.114	0.236	0.256
200	1	WW	4.143	4.851	4.664	2.750
200	1	ggWW	0.323	0.426	0.505	0.257
200	1	ggH	2.335	2.619	2.792	1.557
200	1	vbfH	0.292	0.371	0.389	0.203
200	1	data	12	12	11	9
250	1	DY	0.539	0.183	0.000	0.154
250	1	Top	3.568	7.011	8.172	4.146
250	1	WJet	0.000	0.000	0.000	0.000
250	1	VV	0.427	0.172	0.407	0.418
250	1	WW	4.109	6.066	6.824	2.718
250	1	ggWW	0.241	0.422	0.495	0.220
250	1	ggH	0.930	1.625	1.675	0.712
250	1	vbfH	0.126	0.239	0.232	0.091
250	1	data	9	23	14	7
300	1	DY	0.351	0.183	0.040	0.049
300	1	Top	3.695	6.953	6.223	4.890
300	1	WJet	0.000	0.000	0.000	0.000
300	1	VV	0.379	0.140	0.354	0.405
300	1	WW	4.075	5.260	6.739	2.540
300	1	ggWW	0.158	0.344	0.376	0.175
300	1	ggH	0.995	1.369	1.449	0.765
300	1	vbfH	0.123	0.171	0.178	0.092
300	1	data	14	23	14	9
350	1	DY	0.329	0.183	0.040	0.049
350	1	Top	3.406	6.268	4.477	4.564
350	1	WJet	0.000	0.000	0.000	0.000
350	1	VV	0.319	0.120	0.314	0.364
350	1	WW	3.592	4.624	6.086	2.291
350	1	ggWW	0.156	0.309	0.329	0.151
350	1	ggH	1.131	1.391	1.333	0.840
350	1	vbfH	0.110	0.141	0.135	0.077
350	1	data	13	16	14	9
400	1	DY	0.329	0.023	0.040	0.040
400	1	Top	3.140	7.123	4.977	4.454
400	1	WJet	0.000	0.000	0.000	0.000
400	1	VV	0.277	0.120	0.251	0.344
400	1	WW	3.066	3.875	5.375	2.022
400	1	ggWW	0.147	0.241	0.256	0.132
400	1	ggH	0.976	1.175	1.271	0.763
400	1	vbfH	0.075	0.097	0.094	0.055
400	1	data	10	13	12	9
450	1	DY	0.025	0.023	0.040	0.000
450	1	Top	2.006	3.878	3.313	2.552
450	1	WJet	0.000	0.000	0.000	0.000
450	1	VV	0.170	0.091	0.107	0.166
450	1	WW	1.828	2.543	3.370	1.131
450	1	ggWW	0.113	0.150	0.148	0.094
450	1	ggH	0.539	0.762	0.776	0.437
450	1	vbfH	0.050	0.063	0.068	0.036
450	1	data	6	7	7	6
500	1	DY	0.025	0.023	0.040	0.000
500	1	Top	1.375	2.393	1.963	1.883
500	1	WJet	0.000	0.000	0.000	0.000
500	1	VV	0.170	0.075	0.094	0.108
500	1	WW	1.520	1.989	2.651	1.017
500	1	ggWW	0.092	0.123	0.119	0.088
500	1	ggH	0.378	0.461	0.507	0.295
500	1	vbfH	0.037	0.049	0.051	0.030
500	1	data	5	7	6	5
550	1	DY	0.025	0.023	0.040	0.000
550	1	Top	1.375	2.362	1.863	0.725
550	1	WJet	0.000	0.000	0.000	0.000
550	1	VV	0.122	0.030	0.084	0.096
550	1	WW	1.218	1.606	2.300	0.948
550	1	ggWW	0.075	0.095	0.090	0.075
550	1	ggH	0.245	0.311	0.332	0.187
550	1	vbfH	0.027	0.037	0.040	0.021
550	1	data	2	4	5	2
600	1	DY	0.025	0.023	0.040	0.000
600	1	Top	1.081	1.631	1.864	0.706
600	1	WJet	0.000	0.000	0.000	0.000
600	1	VV	0.104	0.013	0.084	0.058
600	1	WW	1.022	1.303	1.813	0.722
600	1	ggWW	0.051	0.077	0.082	0.058
600	1	ggH	0.146	0.194	0.197	0.116
600	1	vbfH	0.020	0.029	0.028	0.016
600	1	data	1	3	4	1
