110	80	0.06681         0.081664
115	103	0.0642485	0.113722
120	118	0.0602232	0.106603
130	142	0.0605988	0.0925395
140	167	0.0572391	0.0915085
150	180	0.0534869	0.0855454
160	201	0.0526387	0.0841641
170	211	0.051354	0.0821168
180	218	0.0502734	0.0847799
190	224	0.0575895	0.0776949
200	230	0.0616208	0.0758918
250	240	0.0698704	0.0659347
300	251	0.0701241	0.066132
350	253	0.0689284	0.0650492
400	260	0.0702981	0.0662656
450	260	0.069644	0.0656759
500	261	0.0696633	0.0656908
550	261	0.0694189	0.0654706
600	262	0.0696023	0.0656335
