110	80	0.033405	0.040832
115	103	0.0321243	0.056861
120	118	0.0301116	0.0533015
130	142	0.0358963       0.039077
140	167	0.0286196	0.0457543
150	180	0.0267434	0.0427727
160	201	0.0263193	0.0420821
170	211	0.025677	0.0410584
180	218	0.0251367	0.04239
190	224	0.0287948	0.0388474
200	230	0.0308104	0.0379459
250	240	0.0349352	0.0329673
300	251	0.035062	0.033066
350	253	0.0344642	0.0325246
400	260	0.0351491	0.0331328
450	260	0.034822	0.0328379
500	261	0.0348316	0.0328454
550	261	0.0347095	0.0327353
600	262	0.0348012	0.0328167
