110	83	0.0303763	0.00752835
115	109	0.0523525	0.0116065
120	130	0.0516245	0.011271
130	180     0.078212	0.0124415
140	226	0.0601445	0.0129452
150	250	0.0587845	0.0126173
160	268	0.057719	0.0123701
170	278	0.057059	0.0122223
180	283	0.0598525	0.0133713
190	287	0.0660385	0.0153075
200	292	0.0689775	0.0167072
250	301	0.073275	0.0185558
300	308	0.072926	0.0180337
350	309	0.0725015	0.0177412
400	310	0.0723435	0.0177048
450	310	0.072199	0.0176739
500	312	0.072237	0.0176767
550	312	0.072177	0.0176639
600	312	0.073585	0.0187203
