110	83	0.0607525	0.0150567
115	109	0.104705	0.023213
120	130	0.103249	0.022542
130	179	0.121053	0.0264593
140	226	0.120289	0.0258904
150	250	0.117569	0.0252346
160	268	0.115438	0.0247402
170	278	0.114118	0.0244446
180	283	0.119705	0.0267426
190	287	0.132077	0.030615
200	292	0.137955	0.0334143
250	301	0.14655         0.0371117
300	308	0.145852	0.0360674
350	309	0.145003	0.0354824
400	310	0.144687	0.0354096
450	310	0.144398	0.0353477
500	312	0.144474	0.0353534
550	312	0.144354	0.0353278
600	312	0.14717         0.0374405
