110	43	0.230817	0.214560
115	43	0.230817	0.214560
120	64	0.201165	0.188632
130	25	0.615924	0.293862
140	29	0.649257	0.300744
150	34	0.848472	0.478334
160	10	1.21451         0.745782
170	9	1.63307         0.990111
180	13	0.72639         0.656793
190	34	0.536851	0.390222
200	45	0.059654	0.084920
250	75	0.00400899	0.006922
300	50	0.0143502	0.037201
350	35	0.264396	0.264759
400	22	0.01            0.01
450	9	0.01            0.01
500	8	0.01            0.01
550	7	0.01            0.01
600	6	0.01            0.01
